chr22	23034491	23036670	chr22	23283912	23285694	35
chr22	17651958	17652963	chr22	17738917	17739494	6
chr22	25597967	25598936	chr22	26173795	26174818	13
chr22	22510616	22512455	chr22	22521468	22523077	16
chr22	22509532	22514342	chr22	22548552	22551160	87
chr22	18941876	18942809	chr22	19464943	19465584	4
chr22	19287031	19287973	chr22	19464562	19465851	13
chr22	18312803	18313722	chr22	18373765	18375006	7
chr22	17564978	17566375	chr22	17652325	17653688	6
chr22	25476828	25477694	chr22	25729164	25730588	12
chr22	23516188	23516670	chr22	23881715	23882050	4
chr22	19132082	19132502	chr22	19461126	19462184	8
chr22	26173898	26174558	chr22	26726668	26727254	7
chr22	22067582	22067952	chr22	23296966	23297387	4
chr22	26292017	26293264	chr22	26725776	26727375	21
chr22	26249784	26250802	chr22	26726543	26727277	12
chr22	22307042	22307729	chr22	23298044	23298722	6
chr22	25198954	25199580	chr22	25246180	25247528	9
chr22	23152227	23152770	chr22	23197791	23198124	5
chr22	24502545	24503783	chr22	24551601	24552228	5
chr22	22711403	22712095	chr22	22776903	22777839	9
chr22	26169803	26171277	chr22	26530821	26531189	10
chr22	29597044	29599096	chr22	29641207	29642410	15
chr22	24815906	24821231	chr22	24920304	24924062	122
chr22	22292244	22293075	chr22	23296150	23298999	29
chr22	23301529	23301714	chr22	23461581	23462072	4
chr22	22465485	22465705	chr22	22560617	22561160	5
chr22	23130434	23130740	chr22	23144910	23145529	4
chr22	22414416	22415413	chr22	22457197	22457770	5
chr22	19717869	19718908	chr22	19934745	19936303	23
chr22	25334932	25335910	chr22	25440019	25440465	4
chr22	22777096	22778197	chr22	22817279	22817731	6
chr22	23219839	23220757	chr22	23285087	23286039	5
chr22	25164861	25165196	chr22	25249663	25250965	5
chr22	22776904	22777225	chr22	22895021	22895339	5
chr22	23301285	23301907	chr22	23452385	23453807	5
chr22	22548534	22551489	chr22	22588962	22591054	29
chr22	20917644	20921161	chr22	21051606	21053188	49
chr22	20225938	20226301	chr22	20255840	20256234	5
chr22	19131579	19132543	chr22	19464964	19466035	9
chr22	25962171	25964021	chr22	26168875	26169513	8
chr22	17652354	17653076	chr22	17748981	17750426	10
chr22	19286819	19288309	chr22	19617318	19618055	21
chr22	19957922	19958597	chr22	20098473	20099414	11
chr22	23300562	23301787	chr22	23718376	23719299	12
chr22	19956038	19959094	chr22	20115241	20117363	29
chr22	23095444	23096415	chr22	23144786	23145726	5
chr22	19711317	19712033	chr22	19897614	19898021	4
chr22	24898841	24899750	chr22	24920960	24922877	22
chr22	23116251	23116755	chr22	23297986	23299028	4
chr22	25942314	25943183	chr22	26097717	26098329	5
chr22	25334659	25335893	chr22	25452310	25453900	28
chr22	22414938	22415645	chr22	22454790	22455839	5
chr22	25337215	25339000	chr22	25444218	25445017	7
chr22	19957653	19958991	chr22	20015096	20016298	14
chr22	20960251	20960997	chr22	21095249	21096524	20
chr22	22414498	22415630	chr22	22499479	22499855	4
chr22	28415740	28417168	chr22	28447661	28448196	6
chr22	17397509	17398723	chr22	17979868	17981155	17
chr22	23469667	23471059	chr22	23623773	23625557	25
chr22	17640752	17641588	chr22	17980101	17981341	4
chr22	22339001	22339717	chr22	23301427	23301693	4
chr22	23515773	23517663	chr22	23728153	23729326	15
chr22	17695013	17696898	chr22	17980786	17981127	5
chr22	24204085	24204755	chr22	24570685	24571395	4
chr22	18227524	18228598	chr22	18558838	18559083	5
chr22	23657898	23658326	chr22	23744753	23745539	5
chr22	17397232	17400263	chr22	17537636	17539682	69
chr22	23301284	23301638	chr22	23744694	23745084	5
chr22	22785728	22786645	chr22	22894597	22895783	12
chr22	29186144	29186379	chr22	29436734	29437010	5
chr22	23053371	23053637	chr22	23088320	23089078	4
chr22	28996607	28997529	chr22	29641147	29641793	7
chr22	28276101	28277226	chr22	28333238	28333804	6
chr22	29251360	29252527	chr22	29640697	29643344	21
chr22	24298657	24299034	chr22	24626683	24627508	8
chr22	25598235	25598906	chr22	25729189	25730851	31
chr22	22511191	22512248	chr22	22554530	22557067	23
chr22	18038189	18039458	chr22	18267089	18268742	12
chr22	20202596	20203847	chr22	20255598	20256030	9
chr22	26097909	26098384	chr22	26168285	26169422	10
chr22	26792423	26798763	chr22	26854343	26860728	160
chr22	23971150	23971857	chr22	24108876	24109345	4
chr22	26170511	26170716	chr22	26760098	26760616	4
chr22	22521105	22523421	chr22	22548953	22551224	18
chr22	23301327	23302180	chr22	23311189	23313029	6
chr22	23514323	23524163	chr22	23620905	23626737	422
chr22	22928975	22929946	chr22	23298100	23299319	15
chr22	17601224	17601467	chr22	17980285	17981084	4
chr22	20960621	20961378	chr22	20978408	20979327	4
chr22	21094956	21095605	chr22	21138536	21139467	4
chr22	23196443	23198943	chr22	23225399	23227018	25
chr22	22338821	22340481	chr22	23296370	23299202	36
chr22	25333123	25336339	chr22	25442847	25448085	112
chr22	29790938	29791564	chr22	29985098	29986799	13
chr22	20785315	20785700	chr22	20809730	20810807	5
chr22	28280378	28281466	chr22	28405131	28406099	8
chr22	24720398	24721708	chr22	25154228	25155536	11
chr22	24112750	24115499	chr22	24190162	24193176	42
chr22	23027328	23027795	chr22	23284499	23285286	4
chr22	25858097	25858802	chr22	26105703	26106090	5
chr22	23255246	23256434	chr22	23277784	23278191	4
chr22	27074498	27075822	chr22	27151313	27153164	16
chr22	28416156	28416667	chr22	28508835	28509158	4
chr22	17555388	17557478	chr22	17651113	17653869	64
chr22	23300691	23302169	chr22	23459463	23460951	9
chr22	23301548	23302349	chr22	23324102	23324670	4
chr22	24627331	24627588	chr22	24638664	24639389	4
chr22	23286746	23287366	chr22	23296652	23297289	4
chr22	22414645	22415472	chr22	22590002	22590495	4
chr22	23509361	23511310	chr22	23623983	23624985	6
chr22	24584108	24588659	chr22	24642833	24644027	47
chr22	29550493	29551003	chr22	29562447	29563372	4
chr22	20960632	20961266	chr22	20990357	20992019	4
chr22	24830143	24830848	chr22	24921441	24921991	4
chr22	25939778	25940781	chr22	26173955	26174424	6
chr22	22936239	22936842	chr22	23034423	23034863	4
chr22	22901433	22902220	chr22	22929399	22929858	5
chr22	24458254	24460654	chr22	24570550	24571350	8
chr22	22734810	22735188	chr22	22816979	22817920	5
chr22	24898800	24899501	chr22	24917634	24918078	10
chr22	22809411	22810499	chr22	22818335	22818810	4
chr22	25456373	25457112	chr22	25567592	25569184	8
chr22	23277574	23278599	chr22	23296270	23297217	11
chr22	22384905	22386103	chr22	22589832	22590468	11
chr22	18225251	18225791	chr22	18280503	18281188	6
chr22	22936576	22936891	chr22	23028939	23029412	5
chr22	23194846	23195955	chr22	23219645	23219875	4
chr22	23219716	23220807	chr22	23296661	23298354	12
chr22	26568473	26568791	chr22	26763814	26764134	4
chr22	26276609	26276764	chr22	26755999	26756710	4
chr22	20918534	20919003	chr22	21095937	21096877	10
chr22	23197458	23199039	chr22	23283650	23285877	22
chr22	17554865	17558708	chr22	17979333	17981442	56
chr22	19131814	19132915	chr22	19616894	19618313	21
chr22	22817456	22819680	chr22	22894888	22895600	19
chr22	26966071	26967293	chr22	27041353	27041717	5
chr22	22817637	22819555	chr22	22917827	22919938	23
chr22	23190308	23192152	chr22	23277846	23278662	9
chr22	24719363	24724530	chr22	24919272	24922319	108
chr22	23470469	23470887	chr22	23621644	23622241	4
chr22	26482264	26483913	chr22	26727000	26727206	6
chr22	25334633	25335085	chr22	25441484	25442322	5
chr22	23027045	23027983	chr22	23277700	23278440	6
chr22	22384570	22386122	chr22	22559737	22562483	24
chr22	22785668	22786131	chr22	22929285	22929772	5
chr22	23516212	23516416	chr22	23726779	23727162	4
chr22	23657848	23658111	chr22	23933360	23933813	4
chr22	17651923	17652780	chr22	18019867	18020866	9
chr22	28996578	28997191	chr22	29550177	29550945	9
chr22	22525351	22526569	chr22	22549712	22550513	7
chr22	23062839	23063111	chr22	23096165	23096306	4
chr22	19205399	19205881	chr22	19461761	19462560	4
chr22	24899084	24899422	chr22	24911626	24913336	5
chr22	22562268	22562700	chr22	22592151	22592999	4
chr22	22510380	22512543	chr22	22560140	22562639	44
chr22	23146274	23147042	chr22	23300381	23301594	7
chr22	24108781	24112645	chr22	24190161	24193808	98
chr22	23883371	23884811	chr22	24190588	24192970	23
chr22	24817341	24818787	chr22	24880920	24882657	13
chr22	22384476	22385981	chr22	22510193	22512391	25
chr22	23516183	23516503	chr22	23657823	23658337	5
chr22	23718545	23718888	chr22	23728230	23728937	5
chr22	23062624	23063057	chr22	23297085	23298359	7
chr22	21982145	21984874	chr22	21995842	21998046	24
chr22	22338779	22339648	chr22	22414936	22415659	4
chr22	23225573	23227501	chr22	23277585	23279246	20
chr22	23301238	23301606	chr22	23933246	23933726	7
chr22	23197919	23198884	chr22	23301186	23301569	4
chr22	20959768	20961770	chr22	21138469	21139838	18
chr22	22221990	22223185	chr22	22292335	22292694	5
chr22	20918683	20919596	chr22	20929817	20931930	10
chr22	23301379	23302152	chr22	23519673	23521338	12
chr22	20144050	20144760	chr22	20275397	20276146	4
chr22	22818449	22819169	chr22	22935782	22936900	10
chr22	17397921	17399013	chr22	17541337	17541796	4
chr22	23743989	23745627	chr22	23881551	23882103	21
chr22	23225672	23226565	chr22	23294462	23295467	4
chr22	22065969	22069435	chr22	22306628	22308881	91
chr22	23469475	23472203	chr22	23728042	23728726	15
chr22	20772482	20772972	chr22	20960283	20960784	6
chr22	22785728	22786039	chr22	22918572	22919183	5
chr22	26760425	26760999	chr22	27074763	27075285	4
chr22	22561771	22562545	chr22	22817584	22817893	5
chr22	23520715	23521644	chr22	23727466	23728433	14
chr22	28268366	28269056	chr22	28276984	28277457	4
chr22	22339004	22340048	chr22	23277990	23278615	4
chr22	29548111	29549492	chr22	29640995	29641988	8
chr22	28990675	28991253	chr22	29225352	29225738	4
chr22	20193799	20194439	chr22	20255875	20256077	4
chr22	19760460	19761024	chr22	19896940	19897894	4
chr22	23188294	23191636	chr22	23219615	23220369	28
chr22	22562239	22562700	chr22	22818419	22819370	6
chr22	19957601	19960128	chr22	20000696	20002011	45
chr22	22292497	22293347	chr22	22414816	22415563	6
chr22	24720238	24721887	chr22	24819466	24820207	11
chr22	19754114	19754896	chr22	19897594	19897893	5
chr22	23471559	23472278	chr22	23624132	23625785	6
chr22	22339088	22340382	chr22	23284760	23285398	9
chr22	23663525	23664908	chr22	23728168	23728340	4
chr22	23151092	23153536	chr22	23296027	23298831	47
chr22	19941242	19941612	chr22	20116783	20117065	4
chr22	18274158	18276106	chr22	18558361	18559227	13
chr22	22763389	22764586	chr22	22863089	22863610	4
chr22	23221702	23221954	chr22	23284920	23285357	4
chr22	22734115	22735007	chr22	22818387	22818647	4
chr22	26288619	26291079	chr22	26726743	26727885	13
chr22	20770967	20774680	chr22	20809551	20812520	122
chr22	18237147	18237554	chr22	18267186	18268970	6
chr22	20861464	20862049	chr22	20918067	20918882	6
chr22	27074541	27075400	chr22	28276414	28277012	4
chr22	23129567	23132457	chr22	23296569	23298869	54
chr22	22918956	22919230	chr22	23298181	23298907	4
chr22	18227352	18228521	chr22	18312500	18312908	4
chr22	23883808	23885246	chr22	23932774	23933839	15
chr22	25631508	25632616	chr22	26173749	26174313	9
chr22	26875272	26876572	chr22	27041270	27041600	5
chr22	18314777	18315596	chr22	18558682	18559922	6
chr22	23623992	23624234	chr22	23728271	23728887	4
chr22	29250312	29255688	chr22	29435629	29439139	179
chr22	23470536	23472240	chr22	23515872	23516625	9
chr22	26482273	26482862	chr22	26715102	26715492	4
chr22	19602393	19603301	chr22	19617560	19617737	4
chr22	23144234	23146210	chr22	23296306	23298694	56
chr22	25163656	25165826	chr22	25444140	25445583	28
chr22	27152144	27153301	chr22	28404412	28406199	20
chr22	18941897	18942820	chr22	19131326	19132535	5
chr22	26170558	26170804	chr22	26294166	26295097	7
chr22	22384353	22385340	chr22	23283891	23286446	26
chr22	23300563	23302474	chr22	23631480	23633642	36
chr22	22454677	22455120	chr22	22511022	22511401	7
chr22	22465046	22466097	chr22	22549568	22550915	25
chr22	23301324	23301645	chr22	23309363	23310622	6
chr22	23299337	23300180	chr22	23472543	23473677	4
chr22	23562323	23563432	chr22	23623612	23625031	7
chr22	24816789	24821262	chr22	24916196	24918316	93
chr22	22936551	22936990	chr22	23029985	23030545	13
chr22	23611376	23612272	chr22	23623677	23624420	4
chr22	25959981	25960594	chr22	26098113	26098383	5
chr22	25598348	25598952	chr22	25843861	25844574	4
chr22	23969547	23969984	chr22	24108007	24109635	6
chr22	26169005	26169872	chr22	26756263	26757573	6
chr22	23062623	23063810	chr22	23087190	23088714	13
chr22	25167408	25168674	chr22	25246326	25246527	5
chr22	18225262	18225935	chr22	18374389	18375305	8
chr22	17640126	17640850	chr22	17651859	17653023	7
chr22	22549149	22550983	chr22	22559145	22562792	49
chr22	23285004	23286140	chr22	23295970	23297291	11
chr22	19166362	19169101	chr22	19616769	19617967	22
chr22	23053235	23054607	chr22	23062569	23064619	17
chr22	24524877	24525237	chr22	24569912	24572071	9
chr22	26759830	26761573	chr22	27041055	27042031	18
chr22	24372134	24372951	chr22	24571267	24571750	6
chr22	27231343	27233486	chr22	28405237	28406266	16
chr22	27152174	27153029	chr22	28276077	28277223	6
chr22	22465123	22466200	chr22	22510738	22511945	21
chr22	22697094	22697639	chr22	22785809	22786099	4
chr22	19166870	19167166	chr22	19465959	19467273	4
chr22	27074420	27075192	chr22	28199717	28201206	10
chr22	29790585	29791200	chr22	29810129	29811455	5
chr22	23301559	23301803	chr22	23316677	23317442	4
chr22	23095288	23096860	chr22	23296933	23298717	43
chr22	29251579	29251880	chr22	29433029	29434105	10
chr22	22763358	22764047	chr22	22776583	22777484	13
chr22	22555158	22555934	chr22	22589550	22590838	14
chr22	18941886	18942194	chr22	19617395	19617980	7
chr22	25778849	25779412	chr22	25843805	25844349	4
chr22	25164787	25165705	chr22	25452376	25453497	8
chr22	22929408	22929747	chr22	23027309	23028269	6
chr22	17847376	17848310	chr22	17980722	17980935	4
chr22	24298636	24299034	chr22	24570500	24572215	21
chr22	20771745	20772921	chr22	21051640	21052067	14
chr22	25599569	25600436	chr22	25729408	25730305	4
chr22	22384835	22385386	chr22	23277881	23278759	10
chr22	25857607	25858957	chr22	26166209	26171031	102
chr22	20960135	20961290	chr22	21054526	21056129	8
chr22	25597924	25598765	chr22	26168630	26169312	8
chr22	24584520	24587194	chr22	24626605	24628398	37
chr22	22818044	22819183	chr22	22901634	22901949	5
chr22	24721006	24721577	chr22	24817455	24817714	6
chr22	26299278	26299570	chr22	26726965	26727519	6
chr22	19205434	19205841	chr22	19617528	19617781	5
chr22	19481231	19481557	chr22	19617517	19617856	4
chr22	17648674	17650395	chr22	17979831	17981161	11
chr22	23881278	23882082	chr22	23933220	23933517	5
chr22	23145924	23146574	chr22	23225990	23226553	4
chr22	29789800	29793531	chr22	29918830	29922261	74
chr22	29790714	29791816	chr22	29866008	29867121	11
chr22	28649299	28650054	chr22	28838337	28838691	4
chr22	24502182	24504614	chr22	24570182	24573112	35
chr22	29138595	29139985	chr22	29225351	29226022	5
chr22	23028371	23029231	chr22	23062761	23063586	4
chr22	20776459	20777152	chr22	20810423	20810805	4
chr22	25757902	25759884	chr22	25842799	25844592	24
chr22	19704669	19705990	chr22	19718238	19718575	8
chr22	22929281	22929615	chr22	23300798	23301669	6
chr22	23470348	23470904	chr22	23631684	23632922	6
chr22	22384849	22385361	chr22	22464960	22466216	7
chr22	22928811	22930220	chr22	23029272	23030718	12
chr22	23095519	23096327	chr22	23130720	23131016	7
chr22	22510906	22511675	chr22	22558149	22559478	6
chr22	22562155	22562596	chr22	22777023	22777450	8
chr22	19717874	19718829	chr22	19892716	19894325	6
chr22	25631624	25632778	chr22	26168451	26169373	16
chr22	20960196	20961075	chr22	20979827	20980038	4
chr22	23113668	23114167	chr22	23301464	23301690	5
chr22	22384715	22385512	chr22	22555579	22557014	6
chr22	24298821	24299079	chr22	24372007	24373517	5
chr22	26760391	26760701	chr22	26853816	26855106	6
chr22	22414552	22415875	chr22	22549863	22551152	15
chr22	26857017	26857524	chr22	27041357	27041978	7
chr22	22784678	22787355	chr22	22814420	22819016	54
chr22	22384711	22386577	chr22	22549654	22550896	21
chr22	24818937	24820524	chr22	24833934	24834774	7
chr22	23301521	23301922	chr22	23479981	23480920	6
chr22	21239122	21240346	chr22	21271240	21271975	5
chr22	25506739	25507216	chr22	25568285	25568939	5
chr22	22302074	22302348	chr22	23297651	23298304	4
chr22	23188125	23193747	chr22	23295413	23299223	122
chr22	28447293	28449005	chr22	28836779	28839370	17
chr22	20771859	20773225	chr22	21095671	21096392	6
chr22	19023392	19024070	chr22	19072575	19073426	4
chr22	26743082	26744037	chr22	26763722	26763950	4
chr22	23045224	23045571	chr22	23088175	23088375	4
chr22	23189697	23190757	chr22	23282584	23283628	4
chr22	25857151	25860063	chr22	26096302	26099059	60
chr22	25858541	25858717	chr22	26100272	26100837	4
chr22	23212576	23213965	chr22	23226209	23227180	5
chr22	23112746	23112968	chr22	23225866	23226421	4
chr22	27039108	27039847	chr22	27061139	27062108	5
chr22	27231303	27232492	chr22	28200432	28201324	14
chr22	29791070	29791975	chr22	29807394	29807974	6
chr22	24129232	24130319	chr22	24191627	24192002	5
chr22	19460956	19461442	chr22	19617275	19618104	4
chr22	23656733	23658395	chr22	23725404	23730310	71
chr22	20772466	20773446	chr22	20917484	20919003	11
chr22	23189874	23192817	chr22	23225762	23227100	25
chr22	19665850	19668948	chr22	19704291	19706155	32
chr22	21051603	21052108	chr22	21095733	21096349	4
chr22	22066842	22068213	chr22	22079856	22081326	11
chr22	29601718	29602546	chr22	29640943	29642307	10
chr22	22415071	22416005	chr22	22453262	22454016	5
chr22	18275060	18275301	chr22	18312830	18313251	5
chr22	25630953	25633585	chr22	25729329	25730588	38
chr22	20146320	20146911	chr22	20271799	20272716	4
chr22	24720301	24722711	chr22	24899043	24899740	22
chr22	23519469	23523222	chr22	23628860	23635017	66
chr22	24458413	24459080	chr22	24627402	24627603	4
chr22	25631740	25632111	chr22	25843678	25844269	5
chr22	24529056	24530166	chr22	24570722	24571868	13
chr22	23520733	23521080	chr22	23619178	23620156	5
chr22	23152363	23153193	chr22	23225894	23226566	8
chr22	26568598	26569529	chr22	26755833	26756569	5
chr22	24819553	24821042	chr22	24880007	24882373	22
chr22	23301140	23301744	chr22	23476033	23476884	6
chr22	25758226	25758682	chr22	25799681	25801772	8
chr22	23044846	23045418	chr22	23090651	23091284	5
chr22	23130408	23131268	chr22	23221823	23223132	5
chr22	20850609	20851072	chr22	20918672	20919012	4
chr22	27074871	27075326	chr22	27149049	27149338	4
chr22	23226074	23227431	chr22	23284702	23285349	6
chr22	26276476	26276774	chr22	26726946	26727245	5
chr22	19718100	19718408	chr22	20116438	20117209	5
chr22	23297646	23307140	chr22	23463450	23475504	1026
chr22	25631732	25632106	chr22	26726905	26727602	6
chr22	22785934	22786915	chr22	22901385	22901949	8
chr22	22067187	22067751	chr22	23297831	23298707	8
chr22	18224071	18226230	chr22	18267051	18269798	44
chr22	25477391	25478098	chr22	25598382	25598574	5
chr22	22384175	22385571	chr22	23295887	23297197	24
chr22	19483069	19484354	chr22	19617358	19618165	16
chr22	26763543	26763955	chr22	27038758	27039319	4
chr22	19717910	19718572	chr22	20000563	20001217	8
chr22	22936470	22936846	chr22	23008814	23009781	6
chr22	26168828	26173135	chr22	26725428	26728455	76
chr22	22817212	22819332	chr22	22928512	22930832	27
chr22	28446633	28448488	chr22	28989159	28991455	45
chr22	29198681	29199295	chr22	29224659	29225633	6
chr22	22067318	22067866	chr22	22260412	22261544	8
chr22	24717429	24718918	chr22	24917853	24918158	6
chr22	23189834	23191666	chr22	23283688	23285909	22
chr22	18223681	18226415	chr22	18312493	18313204	15
chr22	23301414	23301829	chr22	23371122	23372315	9
chr22	22763539	22764003	chr22	22817006	22817799	5
chr22	23130260	23131587	chr22	23301284	23301749	7
chr22	20144070	20145649	chr22	20224679	20226949	43
chr22	25858566	25858930	chr22	25940013	25940774	8
chr22	23197646	23198482	chr22	23277948	23278396	6
chr22	24203741	24204754	chr22	24371657	24373133	18
chr22	26726790	26727220	chr22	26755889	26756517	4
chr22	23009092	23009530	chr22	23028825	23029279	5
chr22	26760117	26760804	chr22	26794525	26794932	5
chr22	25154190	25154898	chr22	25245883	25246601	4
chr22	22549370	22550400	chr22	23296745	23298554	25
chr22	23130093	23130935	chr22	23293867	23294601	4
chr22	22711627	22711889	chr22	22816465	22817687	4
chr22	23301287	23301747	chr22	23454493	23456224	10
chr22	18312728	18313496	chr22	18505770	18506540	7
chr22	17398399	17398792	chr22	17490475	17491031	4
chr22	20143142	20145809	chr22	20269538	20273669	99
chr22	19897456	19897891	chr22	19935082	19935607	9
chr22	18370989	18372025	chr22	18558179	18559083	8
chr22	29866491	29867238	chr22	29920552	29921448	6
chr22	23520230	23520918	chr22	23583029	23584363	5
chr22	19619598	19620454	chr22	19705616	19706232	4
chr22	17558155	17558799	chr22	17652163	17653052	4
chr22	23301282	23302024	chr22	23881414	23882099	10
chr22	19957789	19958253	chr22	20271440	20273100	4
chr22	22562121	22562623	chr22	22676135	22676669	10
chr22	22777001	22777499	chr22	22785683	22786624	10
chr22	18310749	18311242	chr22	18558490	18559078	4
chr22	23096116	23097224	chr22	23470389	23471113	5
chr22	23301400	23302038	chr22	23515605	23516759	14
chr22	20144202	20145450	chr22	20850632	20851291	10
chr22	23196665	23199301	chr22	23295830	23298710	50
chr22	23277463	23279112	chr22	23297625	23299111	7
chr22	18505926	18508208	chr22	18558708	18560019	13
chr22	23087971	23088589	chr22	23226113	23226899	6
chr22	23212878	23213970	chr22	23298059	23298836	6
chr22	17749075	17749931	chr22	17980027	17981197	12
chr22	29436299	29437528	chr22	29640917	29642087	24
chr22	26789800	26790656	chr22	26856764	26857726	6
chr22	22787591	22789348	chr22	22817417	22818691	6
chr22	29508014	29509225	chr22	29641580	29642125	11
chr22	23027601	23027750	chr22	23301419	23301709	4
chr22	19166779	19167095	chr22	19705612	19705790	4
chr22	24720198	24721775	chr22	24880913	24882016	16
chr22	18224233	18226280	chr22	18558258	18559140	13
chr22	22292005	22295157	chr22	22306187	22308451	60
chr22	25164431	25166836	chr22	25242565	25247587	77
chr22	23190619	23192100	chr22	23301275	23302053	7
chr22	28282314	28283171	chr22	28402222	28402713	5
chr22	23196806	23198440	chr22	23219670	23220394	18
chr22	25154142	25154759	chr22	25164218	25165255	4
chr22	20771544	20775304	chr22	20849992	20852455	79
chr22	20364879	20365267	chr22	20373360	20373560	4
chr22	26761795	26763920	chr22	26855039	26857624	12
chr22	23268165	23268735	chr22	23277943	23278300	4
chr22	27074894	27076235	chr22	28404533	28405684	18
chr22	27151638	27153035	chr22	28199655	28201092	14
chr22	23520662	23521742	chr22	23610755	23612853	8
chr22	29563001	29564723	chr22	29598460	29599478	14
chr22	28996565	28996980	chr22	29434092	29434957	5
chr22	19166214	19167936	chr22	19464713	19465480	10
chr22	28276799	28277104	chr22	28401474	28402818	4
chr22	25843357	25844186	chr22	26727035	26727233	4
chr22	23309211	23310498	chr22	23470780	23471812	5
chr22	26960925	26961643	chr22	27041290	27042063	6
chr22	22384251	22386072	chr22	22414364	22416909	23
chr22	23301372	23302902	chr22	23634366	23635102	7
chr22	28282467	28282942	chr22	28315639	28316129	4
chr22	28996522	28996802	chr22	29185948	29186865	4
chr22	20772239	20773255	chr22	20925478	20926530	7
chr22	25346597	25349167	chr22	25444259	25445358	36
chr22	22454828	22455802	chr22	22589975	22590542	4
chr22	23300276	23304076	chr22	23726858	23730355	98
chr22	27152656	27153015	chr22	28990791	28991274	5
chr22	22776845	22777310	chr22	22929003	22929642	4
chr22	21095995	21096911	chr22	21137764	21138816	5
chr22	23657463	23658114	chr22	23718185	23718827	9
chr22	23009078	23010207	chr22	23284659	23285647	7
chr22	22065527	22069506	chr22	22291357	22295708	115
chr22	23300191	23302713	chr22	23621892	23625682	87
chr22	24903651	24904124	chr22	24917137	24918087	4
chr22	23152347	23153586	chr22	23219619	23220138	11
chr22	26758959	26762255	chr22	26855766	26859779	73
chr22	22414449	22416219	chr22	22510638	22511856	19
chr22	26291878	26292347	chr22	26714970	26715448	5
chr22	24833713	24834854	chr22	24897594	24899713	11
chr22	23284510	23285331	chr22	23298017	23298560	7
chr22	23190438	23191272	chr22	23223813	23225096	8
chr22	22935317	22936895	chr22	23296720	23298952	21
chr22	25842919	25844212	chr22	26097994	26099373	11
chr22	24298209	24299085	chr22	24643489	24643975	10
chr22	19133430	19134330	chr22	19617450	19617848	8
chr22	28992543	28998550	chr22	29223469	29228618	151
chr22	19829227	19830286	chr22	19896785	19898042	7
chr22	26793871	26795246	chr22	27040396	27042784	29
chr22	22414749	22415402	chr22	22560713	22561184	6
chr22	26755937	26756691	chr22	26857109	26857814	5
chr22	25859863	25860227	chr22	26168587	26169175	6
chr22	28994991	28995447	chr22	29251647	29252752	4
chr22	23969608	23970425	chr22	24191527	24192820	9
chr22	17413070	17414059	chr22	17652398	17652941	6
chr22	23030223	23030591	chr22	23052767	23053542	4
chr22	23144931	23146117	chr22	23189622	23191566	13
chr22	26763750	26764240	chr22	27041258	27041560	4
chr22	26568060	26568823	chr22	26725921	26727589	10
chr22	23288203	23288919	chr22	23296697	23297602	5
chr22	22549662	22550390	chr22	23277808	23278467	4
chr22	28994397	28998763	chr22	29436034	29437482	50
chr22	25962883	25964328	chr22	26097289	26098254	7
chr22	20144033	20146582	chr22	20254971	20256902	85
chr22	26898316	26900652	chr22	27038573	27042363	80
chr22	25758187	25758439	chr22	26097779	26098283	5
chr22	23035313	23035867	chr22	23294508	23295153	4
chr22	22556627	22558586	chr22	22590095	22590512	5
chr22	19742940	19745362	chr22	19896344	19898480	31
chr22	25858585	25858853	chr22	26171884	26172083	4
chr22	23034973	23035906	chr22	23296536	23298553	29
chr22	23062375	23063751	chr22	23089612	23091978	36
chr22	25347988	25348704	chr22	25453134	25454214	12
chr22	23298145	23298492	chr22	23515899	23516963	5
chr22	18393116	18394626	chr22	18558686	18559654	8
chr22	23131916	23133200	chr22	23297062	23297214	4
chr22	23110200	23113301	chr22	23296723	23298560	18
chr22	24720867	24724365	chr22	24915950	24918536	54
chr22	23301403	23301628	chr22	23484068	23484870	5
chr22	21240148	21241082	chr22	21316271	21316628	4
chr22	22464830	22466482	chr22	22561865	22562795	13
chr22	29251293	29251978	chr22	29550359	29550891	7
chr22	22936400	22936986	chr22	23301339	23301543	4
chr22	23883686	23884676	chr22	24108271	24110173	15
chr22	20918551	20919159	chr22	20986535	20986938	4
chr22	22325960	22328036	chr22	23296013	23299543	54
chr22	20918501	20918983	chr22	20959954	20961039	11
chr22	25348105	25348707	chr22	25424587	25424862	5
chr22	22561853	22562852	chr22	22651955	22653040	8
chr22	19717587	19718371	chr22	19744069	19744404	6
chr22	22326654	22327223	chr22	22384434	22385562	6
chr22	22414522	22416011	chr22	22464013	22466259	12
chr22	29790719	29791223	chr22	29808665	29809408	8
chr22	23301387	23301789	chr22	23502154	23503952	6
chr22	19287492	19287794	chr22	19462052	19463210	9
chr22	29550021	29553056	chr22	29640595	29643295	72
chr22	23197909	23198120	chr22	23221477	23222501	4
chr22	18539258	18540637	chr22	18558869	18559183	7
chr22	29550351	29550812	chr22	29598614	29598966	4
chr22	25861168	25862417	chr22	26168909	26169218	5
chr22	18225021	18225552	chr22	18265626	18266540	5
chr22	22817813	22818839	chr22	23029787	23030639	4
chr22	29184573	29188612	chr22	29224541	29227123	53
chr22	19132156	19132574	chr22	19705589	19705929	6
chr22	25858573	25859489	chr22	26159830	26160838	5
chr22	29260513	29261724	chr22	29436761	29437361	5
chr22	28415786	28416658	chr22	28996460	28997234	6
chr22	25938874	25940725	chr22	26168570	26169462	35
chr22	20810087	20811000	chr22	20850753	20851731	6
chr22	23008629	23009505	chr22	23029928	23030690	9
chr22	19957408	19958240	chr22	20025220	20026233	10
chr22	24203947	24204616	chr22	24234897	24237361	20
chr22	23301022	23302232	chr22	23412363	23414269	10
chr22	17413217	17413877	chr22	17538572	17539505	10
chr22	25757748	25758955	chr22	26168032	26169627	8
chr22	23225931	23227884	chr22	23296626	23298995	27
chr22	24199285	24200880	chr22	24236053	24236421	5
chr22	17398073	17399492	chr22	17651916	17653377	12
chr22	23152446	23152800	chr22	23189301	23190978	12
chr22	17398001	17398547	chr22	17977913	17978705	4
chr22	24204215	24204855	chr22	24298727	24299079	6
chr22	17555600	17556240	chr22	17587550	17587925	4
chr22	26897237	26899846	chr22	27060990	27062431	32
chr22	26568347	26568755	chr22	26714978	26715551	5
chr22	20959293	20962333	chr22	21051597	21052258	70
chr22	19476770	19477144	chr22	19617532	19618142	5
chr22	25476440	25478300	chr22	25567196	25569261	24
chr22	28276888	28277196	chr22	28398237	28398643	4
chr22	23130176	23131426	chr22	23226169	23226534	9
chr22	24818951	24821277	chr22	24898042	24900019	79
chr22	18483162	18484937	chr22	18558275	18559836	17
chr22	23008488	23010770	chr22	23296288	23298771	37
chr22	19465144	19465658	chr22	19617552	19617799	4
chr22	26170476	26172186	chr22	26755919	26758338	23
chr22	24816962	24818558	chr22	24898665	24899543	24
chr22	23008888	23009203	chr22	23023680	23024531	4
chr22	19716901	19720838	chr22	19895480	19900785	243
chr22	26292168	26293248	chr22	26530372	26531151	5
chr22	24833174	24834126	chr22	24921524	24922066	4
chr22	18236737	18237310	chr22	18312516	18313489	4
chr22	23127586	23128671	chr22	23298026	23298531	6
chr22	19617503	19617966	chr22	19705108	19705756	5
chr22	24180143	24180592	chr22	24191733	24192294	4
chr22	20143911	20144939	chr22	20809986	20811058	15
chr22	22697828	22698207	chr22	22724701	22725576	4
chr22	23062500	23063337	chr22	23225862	23226486	5
chr22	21983641	21984457	chr22	22000802	22001583	5
chr22	23096102	23096285	chr22	23111777	23112955	4
chr22	22383420	22385532	chr22	23297806	23298720	16
chr22	18483953	18484524	chr22	18507217	18508141	6
chr22	18311784	18314299	chr22	18556728	18561543	162
chr22	18250592	18251223	chr22	18267771	18268336	4
chr22	24830288	24831466	chr22	24898742	24899328	5
chr22	23053124	23053975	chr22	23089623	23091212	17
chr22	25348150	25348646	chr22	25446866	25448024	4
chr22	23516163	23516610	chr22	23632209	23633517	9
chr22	22509424	22512752	chr22	22589429	22590849	25
chr22	28410480	28411569	chr22	28990248	28990972	6
chr22	23881357	23882079	chr22	24108969	24109620	4
chr22	26773337	26773925	chr22	26856551	26857716	10
chr22	28276878	28277181	chr22	28387087	28388023	5
chr22	23088069	23088559	chr22	23297771	23298719	6
chr22	26794459	26794909	chr22	26877132	26877844	4
chr22	22711516	22711923	chr22	22725443	22725827	4
chr22	22414788	22415596	chr22	22556054	22556826	4
chr22	22818351	22820575	chr22	23297877	23298888	16
chr22	22936135	22936974	chr22	23032632	23033404	4
chr22	20917970	20919482	chr22	21138335	21139054	10
chr22	23221253	23222481	chr22	23296155	23298886	17
chr22	25857507	25858854	chr22	26726681	26727520	9
chr22	23657011	23658061	chr22	23881734	23882074	7
chr22	22785684	22786237	chr22	22936417	22936684	4
chr22	22929224	22929716	chr22	23296863	23297542	5
chr22	17651241	17653832	chr22	17977418	17982442	219
chr22	28275532	28278563	chr22	28403903	28406118	86
chr22	23152415	23153100	chr22	23300977	23301818	8
chr22	26759679	26760716	chr22	27061520	27061828	8
chr22	28415358	28416649	chr22	28837282	28838835	19
chr22	23034662	23035588	chr22	23089768	23091296	9
chr22	22697139	22698415	chr22	22711741	22711926	4
chr22	25343220	25344584	chr22	25444813	25445121	5
chr22	22454792	22455639	chr22	22465382	22465596	4
chr22	22901286	22902306	chr22	22918578	22919534	10
chr22	27040752	27041667	chr22	27061133	27061845	7
chr22	29790636	29792050	chr22	29949420	29950017	5
chr22	23153840	23154848	chr22	23298112	23298348	6
chr22	22560381	22564480	chr22	22588148	22591621	87
chr22	17693303	17694414	chr22	17980499	17981503	5
chr22	24298765	24299047	chr22	24574299	24575336	4
chr22	23301264	23302024	chr22	23421099	23422097	5
chr22	29251516	29251940	chr22	29434688	29434955	4
chr22	25938689	25940889	chr22	26096818	26099277	54
chr22	23130617	23131285	chr22	23224147	23225618	5
chr22	23026912	23027950	chr22	23295459	23297601	17
chr22	22338818	22340174	chr22	22383549	22386040	12
chr22	25939059	25940042	chr22	26122708	26123051	4
chr22	23137331	23137482	chr22	23297133	23297235	5
chr22	23144892	23145366	chr22	23284331	23285142	7
chr22	26794261	26795598	chr22	27061152	27062409	10
chr22	18358870	18359476	chr22	18558792	18559163	5
chr22	23149046	23150219	chr22	23296802	23297148	4
chr22	22464925	22466028	chr22	22589929	22590451	6
chr22	23144836	23145602	chr22	23197937	23198487	5
chr22	19717526	19719272	chr22	19940736	19941985	16
chr22	25858417	25858879	chr22	25937533	25938029	9
chr22	23026134	23029270	chr22	23298006	23299037	21
chr22	19954986	19955764	chr22	20001028	20001159	4
chr22	22561968	22562581	chr22	22696880	22698029	4
chr22	23299603	23299983	chr22	23468235	23469037	4
chr22	23096153	23096371	chr22	23226194	23227497	6
chr22	25857675	25858864	chr22	26173685	26174737	12
chr22	24819696	24820561	chr22	24830636	24831152	5
chr22	23190617	23192058	chr22	23470440	23470865	5
chr22	29225159	29226228	chr22	29435912	29437108	15
chr22	21239691	21240343	chr22	21336143	21336559	6
chr22	25842963	25844295	chr22	26168834	26169497	14
chr22	19564186	19564695	chr22	19617384	19618075	6
chr22	17686000	17687085	chr22	17980014	17981343	33
chr22	19166399	19167313	chr22	19461889	19463260	9
chr22	18312461	18313567	chr22	18507071	18508358	21
chr22	24585009	24586980	chr22	24655512	24655703	16
chr22	25334610	25335045	chr22	25424529	25424884	8
chr22	28417164	28418395	chr22	28838288	28838511	5
chr22	23130780	23130984	chr22	23190875	23191037	4
chr22	22763600	22763890	chr22	22785547	22786063	5
chr22	26957564	26960148	chr22	27039958	27042061	33
chr22	21102889	21103507	chr22	21138216	21138836	4
chr22	28996601	28997160	chr22	29187698	29188499	5
chr22	17397960	17399634	chr22	17534857	17537064	14
chr22	29791004	29791549	chr22	29922766	29923702	4
chr22	24611962	24612704	chr22	24627072	24627948	4
chr22	20162147	20162974	chr22	20255539	20256109	6
chr22	28414704	28418939	chr22	28987323	28991647	109
chr22	23728037	23728677	chr22	23881862	23882075	4
chr22	23130447	23131817	chr22	23219635	23220134	7
chr22	26958843	26959766	chr22	27061009	27061754	7
chr22	25444330	25445366	chr22	25453214	25454040	7
chr22	28996054	28997286	chr22	29251518	29252112	13
chr22	23012804	23013340	chr22	23298133	23298355	4
chr22	25793800	25794895	chr22	25843497	25844484	7
chr22	28281957	28284537	chr22	28403296	28406716	65
chr22	22936559	22936861	chr22	22958617	22959588	8
chr22	24110237	24111039	chr22	24235817	24236420	8
chr22	23528300	23529392	chr22	23623940	23624234	4
chr22	22776867	22777439	chr22	22818414	22818654	5
chr22	18038186	18038823	chr22	18224827	18226276	6
